1081094
691811
150709
704719
380832
742726
116255
634935
927324
652452
495272
607126
1200058
931202
51852
396010
711792
921235
870797
946249
511893
553555
553665
1117434
739442
128861
246339
720979
1217407
817424
948452
35571
615007
609725
665868
966964
1081756
154185
598436
269455
668909
256440
685634
481327
725811
303461
387005
1206834
1027021
658685
209741
443715
787064
516452
1203146
1090057
210965
936469
1205555
605938
434667
1223098
255932
281048
695992
473772
430616
386020
55647
1044985
107750
488054
294856
1183461
453120
538153
1097957
1092588
401408
1206353
941245
618585
550438
1136118
65980
529932
504126
835202
1043835
67243
221074
85898
987704
895534
430897
757512
333695
27950
1125634
925508