-12317
-49
-7439
13636
6177
-3766
-13568
-10051
-11999
-13963
321
-5615
-2449
11718
-11605
10364
-8171
-11273
6511
16821
12683
8930
2234
16722
-11967
6185
-10654
19482
19309
-9376
10839
5347
-16003
1206
-16143
1507
-1598
9515
9103
-16405
-13267
-19492
19760
10664
-11757
15752
13464
-13544
-1078
-18366
14731
-16695
17306
-12400
-1262
9680
-3968
-16453
-15739
10967
-1669
-1532
9064
-6529
17673
9303
15741
-16162
13959
-19056
18994
-13302
-10002
-3713
-9413
4530
8394
-16307
6656
-5001
-2587
-19988
-3217
-16944
14972
-3227
6863
14347
-19410
-5512
-1788
4675
-10720
6878
11102
1698
782
-1746
12101
-17240  